199 199
1 2
2 3
3 4
4 5
5 6
6 7
7 8
8 9
9 10
10 11
11 12
12 13
13 14
14 15
15 16
16 17
17 18
18 19
19 20
20 21
21 22
22 23
23 24
24 25
25 26
26 27
27 28
28 29
29 30
30 31
31 32
32 33
33 34
34 35
35 36
36 37
37 38
38 39
39 40
40 41
41 42
42 43
43 44
44 45
45 46
46 47
47 48
48 49
49 50
50 51
51 52
52 53
53 54
54 55
55 56
56 57
57 58
58 59
59 60
60 61
61 62
62 63
63 64
64 65
65 66
66 67
67 68
68 69
69 70
70 71
71 72
72 73
73 74
74 75
75 76
76 77
77 78
78 79
79 80
80 81
81 82
82 83
83 84
84 85
85 86
86 87
87 88
88 89
89 90
90 91
91 92
92 93
93 94
94 95
95 96
96 97
97 98
98 99
99 100
100 101
101 102
102 103
103 104
104 105
105 106
106 107
107 108
108 109
109 110
110 111
111 112
112 113
113 114
114 115
115 116
116 117
117 118
118 119
119 120
120 121
121 122
122 123
123 124
124 125
125 126
126 127
127 128
128 129
129 130
130 131
131 132
132 133
133 134
134 135
135 136
136 137
137 138
138 139
139 140
140 141
141 142
142 143
143 144
144 145
145 146
146 147
147 148
148 149
149 150
150 151
151 152
152 153
153 154
154 155
155 156
156 157
157 158
158 159
159 160
160 161
161 162
162 163
163 164
164 165
165 166
166 167
167 168
168 169
169 170
170 171
171 172
172 173
173 174
174 175
175 176
176 177
177 178
178 179
179 180
180 181
181 182
182 183
183 184
184 185
185 186
186 187
187 188
188 189
189 190
190 191
191 192
192 193
193 194
194 195
195 196
196 197
197 198
198 199
199 200
10 2
141 182
141 111
141 169
141 96
182 111
182 169
182 96
111 169
111 96
169 96
6 1
27 97
27 103
27 69
97 103
97 69
103 69
6 5
196 94
94 22
22 5
5 121
121 177
177 5
6 3
84 18
18 123
123 22
22 176
176 45
45 22
100 20
65 45
45 180
180 96
96 182
182 172
172 200
200 75
75 98
98 169
169 28
28 131
131 194
194 18
18 118
118 85
85 14
14 197
197 134
134 32
32 71
71 165
165 168
168 102
102 21
21 172
169 85
45 21
85 32
168 14
14 118
65 169
131 200
118 200
65 18
28 14
32 131
165 45
165 180
75 180
197 45
194 45
134 14
180 102
98 134
169 102
197 194
165 32
18 75
14 102
98 194
180 197
32 180
21 75
172 118
197 172
172 14
200 65
21 85
182 169
194 96
168 200
32 18
194 182
65 168
21 180
102 75
21 200
118 102
65 182
71 169
14 200
45 18
180 18
14 75
169 21
71 102
28 200
168 172
85 182
32 169
32 182
45 98
197 32
168 85
197 28
75 168
200 134
85 28
32 65
18 85
118 169
32 28
182 118
65 85
71 118
65 180
45 71
197 169
28 165
194 169
350 30
175 147
147 15
15 102
102 54
54 43
43 31
31 159
159 135
135 4
4 42
42 39
39 130
130 194
194 66
66 200
200 94
94 13
13 144
144 21
21 93
93 65
65 138
138 78
78 153
153 118
118 3
3 89
89 142
142 126
126 120
120 162
162 148
148 101
101 84
84 167
167 176
176 169
169 168
168 46
46 40
40 74
74 32
32 113
113 156
156 134
134 174
174 2
2 52
52 76
76 36
36 178
178 179
179 82
82 63
63 188
188 197
197 11
11 49
49 137
137 132
132 37
37 8
8 100
100 186
186 160
160 112
112 140
140 171
171 72
72 103
103 24
24 80
80 67
67 95
95 56
56 1
1 131
131 116
116 123
123 90
90 20
20 146
146 10
10 164
164 184
184 18
18 158
158 107
107 125
125 117
117 23
23 45
45 26
26 182
182 83
83 38
38 48
48 136
136 108
2 84
40 94
43 134
37 63
46 43
32 84
67 66
200 43
78 31
74 65
159 120
48 117
174 21
126 48
135 52
56 18
49 194
83 138
176 26
95 117
134 26
102 20
48 89
123 37
20 21
31 116
125 120
167 11
54 186
160 43
83 103
134 80
179 171
135 24
130 126
101 164
24 101
188 184
54 188
52 113
63 10
66 52
120 108
137 126
89 24
83 1
156 10
39 78
80 32
76 136
15 136
116 95
125 158
101 10
3 135
45 2
108 194
100 175
76 23
67 171
37 82
107 82
67 40
188 108
24 120
103 160
162 197
84 186
113 84
200 26
169 24
2 54
56 23
130 120
40 76
13 118
134 20
74 126
31 169
26 38
46 113
175 162
1 136
130 116
175 158
4 38
148 147
167 76
82 90
179 10
108 130
90 169
82 21
43 13
83 94
135 100
100 123
137 37
89 45
184 103
107 48
8 43
13 168
4 147
171 186
36 10
174 26
197 164
74 67
37 140
83 67
54 134
108 39
1 132
146 102
54 56
31 52
67 37
45 174
175 200
52 36
197 78
103 54
113 123
175 66
167 94
112 39
148 40
4 103
160 132
168 194
131 21
46 18
118 38
171 113
46 175
26 178
168 131
48 3
100 54
84 100
4 136
72 101
125 42
31 178
65 37
101 179
136 3
107 118
103 169
194 24
11 182
134 76
102 43
20 179
76 39
3 42
159 83
54 84
93 20
136 84
11 135
49 38
184 36
125 197
144 23
31 45
169 194
90 37
176 100
42 8
65 103
140 108
15 167
37 162
102 142
10 15
32 153
107 167
78 10
2 31
10 107
186 94
15 94
113 103
116 175
37 83
11 107
40 184
175 142
179 78
80 66
108 107
52 100
84 15
18 38
102 94
135 95
148 123
138 40
93 126
164 52
132 42
101 123
108 2
103 179
21 184
168 167
171 194
38 52
56 76
147 3
123 95
20 8
54 65
188 158
167 18
162 142
20 159
156 102
164 20
169 48
63 36
142 125
76 116
140 3
137 76
116 167
134 138
45 156
120 65
158 142
90 83
65 48
186 20
93 67
137 182
144 95
174 49
140 31
144 169
36 93
76 37
49 118
131 113
36 80
49 176
23 125
159 142
63 40
32 179
99 98
158 162
162 10
10 174
174 181
181 140
140 197
197 73
73 168
168 23
23 8
8 119
119 24
24 193
193 96
96 196
196 164
164 60
60 61
61 110
110 57
57 189
189 72
72 12
12 165
165 178
178 64
64 92
92 18
18 200
200 144
144 131
131 20
20 160
160 109
109 13
13 199
199 90
90 37
37 49
49 108
108 195
195 29
29 135
135 67
67 48
48 91
91 159
159 65
65 66
66 9
9 16
16 40
40 166
166 83
83 121
121 106
106 52
52 112
112 99
99 129
129 89
89 38
38 139
139 185
185 179
179 154
154 94
94 134
134 184
184 35
35 120
120 32
32 102
102 105
105 190
190 80
80 169
169 150
150 141
141 100
100 17
17 56
56 152
152 123
123 188
188 167
167 28
28 63
63 115
115 155
155 26
26 58
58 76
76 147
147 54
54 125
125 177
177 183
183 11
0 0
