25 250
9 25 23 17 38 4 21 42 6 15 14 7 5 3 31 1 35 26 13 37 2 16 8 29 48
500 247061
608 514 258 318 811 316 975 453 883 412 888 324 83 430 880 61 983 44 805 667 546 512 488 96 110 494 266 211 421 431 175 202 638 106 378 897 369 733 368 131 331 658 955 671 491 841 779 456 500 781 645 792 519 665 920 296 563 916 64 545 570 20 851 402 782 240 543 372 439 174 969 927 470 418 533 73 116 825 798 998 52 437 88 964 63 288 405 341 911 877 95 843 886 262 124 832 352 333 173 255 148 381 816 310 170 773 156 14 930 145 245 909 29 346 239 647 820 41 147 446 666 133 879 503 280 758 223 499 426 894 967 441 679 410 178 917 460 621 827 137 852 708 464 568 141 68 885 539 800 22 904 415 814 198 537 103 267 229 486 863 516 996 164 473 664 406 196 746 560 294 268 650 866 466 260 72 833 207 601 9 71 981 859 12 777 663 19 634 6 475 216 279 365 152 100 246 963 752 93 144 923 789 343 104 698 487 592 94 620 808 526 610 625 675 377 390 359 374 864 248 414 865 416 163 235 25 815 990 150 702 932 409 231 540 577 902 635 541 287 123 177 982 434 181 840 633 37 284 750 212 380 632 626 695 45 98 99 544 309 396 725 276 356 875 744 931 723 476 490 436 513 97 3 933 40 715 232 566 599 757 342 408 328 580 224 848 21 472 244 797 298 896 76 572 799 155 254 881 535 898 438 934 46 498 469 801 937 397 618 330 590 509 648 335 38 850 496 214 616 495 256 424 676 462 979 929 900 674 467 999 206 59 812 39 817 688 70 317 860 918 157 765 252 192 588 66 984 615 692 656 980 344 307 261 753 348 74 856 314 210 259 243 734 218 383 892 551 600 718 754 604 482 209 703 16 323 140 628 662 957 646 624 921 670 361 576 700 49 308 459 846 721 972 392 582 165 275 371 413 411 125 420 87 54 108 474 697 940 806 351 631 299 712 242 485 611 236 694 219 55 780 386 479 713 315 385 659 250 567 461 185 587 168 835 809 720 347 775 319 471 263 977 912 907 660 987 837 673 468 382 204 868 433 101 160 741 994 213 162 31 819 151 48 143 43 121 605 724 958 716 278 493 891 755 102 947 447 109 591 222 736 340 763 941 549 62 15 561 637 824 743 585 573 714 322 950 761 511 965 925
50 42
91 56 88 2 6 97 7 31 30 66 42 28 55 14 45 64 1 89 35 81 34 70 54 49 26 92 98 0 15 96 83 53 84 16 79 46 41 80 85 99 4 62 3 13 20 17 39 86 40 24
50 137
91 56 88 2 6 97 7 31 30 66 42 28 55 14 45 64 1 89 35 81 34 70 54 49 26 92 98 0 15 96 83 53 84 16 79 46 41 80 85 99 4 62 3 13 20 17 39 86 40 24
50 99
91 56 88 2 6 97 7 31 30 66 42 28 55 14 45 64 1 89 35 81 34 70 54 49 26 92 98 0 15 96 83 53 84 16 79 46 41 80 85 99 4 62 3 13 20 17 39 86 40 24
0 0
